

1.50,EnemyS_B,-3.5,1.5,3,1,4,str,str,EBS_A,1,0.4,2,,0,102
0.30,EnemyS_B,-3.5,1.5,3,1,4,str,str,EBS_A,1,0.6,2,,0,102
0.30,EnemyS_B,-3.5,1.5,3,1,4,str,str,EBS_A,1,0.8,2,,0,102
0.30,EnemyS_B,-3.5,1.5,3,1,4,str,str,EBS_A,1,1.0,2,,0,102
0.30,EnemyS_B,-3.5,1.5,3,1,4,str,str,EBS_A,1,1.2,2,,0,102
1.00,EnemyS_B,3.5,1.5,-3,1,4,str,str,EBS_A,1,0.4,2,,0,102
0.30,EnemyS_B,3.5,1.5,-3,1,4,str,str,EBS_A,1,0.6,2,,0,102
0.30,EnemyS_B,3.5,1.5,-3,1,4,str,str,EBS_A,1,0.8,2,,0,102
0.30,EnemyS_B,3.5,1.5,-3,1,4,str,str,EBS_A,1,1.0,2,,0,102
0.30,EnemyS_B,3.5,1.5,-3,1,4,str,str,EBS_A,1,1.2,2,,0,102
